index,0,1,2
26457,0.06994530821207151,0.14312733818224682,0.7869273536056818
26458,0.4469086707407951,0.2159632991386225,0.3371280301205824
26459,0.000590298393424267,0.0015491971915783487,0.9978605044149974
26460,0.04212356138994166,0.1501606886202394,0.807715749989819
26461,0.20505314034666836,0.29020366706579565,0.5047431925875359
26462,0.0018620487450913107,0.006497905257152506,0.9916400459977561
26463,0.4315919223394425,0.5415673454955845,0.02684073216497303
26464,0.0023270874276130706,0.008110754822681343,0.9895621577497055
26465,0.002663235164388336,0.0022408328399135804,0.9950959319956981
26466,0.13234672642197048,0.3967864167294604,0.4708668568485691
26467,0.15115579975949947,0.32489226308259345,0.523951937157907
26468,0.0020839817451659233,0.002403193639734171,0.9955128246150998
26469,0.8155817600385564,0.08856976166900912,0.09584847829243442
26470,0.058879052278590915,0.7244412559196929,0.21667969180171615
26471,0.09700843423592855,0.14753788236881032,0.7554536833952611
26472,0.062106296198234746,0.22480060666150087,0.7130930971402643
26473,0.0004131042674626174,0.0007235385899354133,0.998863357142602
26474,0.15847520366797851,0.8363883844908793,0.005136411841142168
26475,0.4176299604084199,0.4245212634893469,0.1578487761022333
26476,0.003747079070045222,0.014328448541522145,0.9819244723884326
26477,0.2599862079456871,0.22938968485759825,0.5106241071967146
26478,0.0005160699054292609,0.0006390613021113452,0.9988448687924594
26479,0.000743600891918864,0.00261216096592148,0.9966442381421597
26480,0.0006917458326022995,0.0006556288006239027,0.9986526253667739
26481,0.044765647854031934,0.38726721290057153,0.5679671392453965
26482,0.09560996149118545,0.1363992865602571,0.7679907519485575
26483,0.004639217510075885,0.13861309020435317,0.8567476922855709
26484,0.001005453088282801,0.0018230657840273255,0.9971714811276898
26485,0.0005431336832609118,0.0007516992913443603,0.9987051670253948
26486,0.08502443596495608,0.5545545185682286,0.3604210454668153
26487,0.020722201570902987,0.03777178063357465,0.9415060177955222
26488,0.13944898943742487,0.8418128357301343,0.01873817483244069
26489,0.06998345612142279,0.2055386190816669,0.7244779247969102
26490,0.09523510307987962,0.1729051251931846,0.7318597717269358
26491,0.019894523043233713,0.5260532291063043,0.4540522478504621
26492,0.09270509082358033,0.296369441868236,0.6109254673081838
26493,0.18975148322455843,0.7924702870051765,0.017778229770264976
26494,0.10256669843438607,0.1026775175137967,0.7947557840518171
26495,0.031165073007508343,0.33289643837996746,0.6359384886125241
26496,0.08040277750469076,0.5252728252684423,0.39432439722686696
26497,0.09804019667866723,0.7873848617396193,0.11457494158171348
26498,0.12896124706017592,0.703074050865528,0.16796470207429612
26499,0.006016449410819858,0.08377170071174111,0.910211849877439
26500,0.2722400267115298,0.3884800462900139,0.3392799269984564
26501,0.1379239693956253,0.10803245873522897,0.7540435718691457
26502,0.018708804628211517,0.055341253655372215,0.9259499417164163
26503,0.138252929476235,0.38161342180236757,0.4801336487213975
26504,0.1436095677825335,0.2250507081357705,0.631339724081696
26505,0.08871584920308904,0.1298568719101806,0.7814272788867302
26506,0.1741857480067653,0.7368243628334037,0.08898988915983111
26507,0.2029998391945754,0.7884764211971341,0.008523739608290469
26508,0.12004280484501899,0.20487794922381514,0.6750792459311659
26509,0.17429664950659046,0.1597801942059581,0.6659231562874515
26510,0.06908608807650854,0.6901787120582554,0.24073519986523612
26511,0.0008709455653819337,0.002785192015466042,0.9963438624191522
26512,0.0822479912399656,0.12333883322493944,0.7944131755350949
26513,0.08001178738516786,0.2006998293895464,0.7192883832252858
26514,0.0010711872526936474,0.002407790582795815,0.9965210221645104
26515,0.33201054749023085,0.28072360143692715,0.387265851072842
26516,0.020368168121629296,0.1429526935075412,0.8366791383708296
26517,0.20367171928565284,0.7818031079141128,0.014525172800234276
26518,0.0009926794389657275,0.0028567980474853926,0.996150522513549
26519,0.10371686804474081,0.3404348450286004,0.5558482869266589
26520,0.027967135501601948,0.9065890223783096,0.06544384212008827
26521,0.1756926766072779,0.5617562119665285,0.26255111142619364
26522,0.10131776534289667,0.43558809929018666,0.46309413536691657
26523,0.11092960947237311,0.16904015438981196,0.720030236137815
26524,0.05222994635269006,0.2550568079135145,0.6927132457337954
26525,0.16733593381880946,0.3368284838112023,0.49583558236998837
26526,0.04642377829389874,0.18717916823894093,0.7663970534671602
26527,0.1557115031299351,0.6558794055321288,0.1884090913379361
26528,0.057478022610255385,0.931038175352424,0.011483802037320684
26529,0.1431317308137691,0.11032821108970145,0.7465400580965296
26530,0.10413155844559692,0.11390946272190565,0.7819589788324974
26531,0.06626184085328923,0.511330393832481,0.4224077653142297
26532,0.045149081751430606,0.11174260814522796,0.8431083101033414
26533,0.07134297182283886,0.11667223287455068,0.8119847953026106
26534,0.3993217265682326,0.14000650108748108,0.46067177234428625
26535,0.00050724096795921,0.0014647425992429081,0.9980280164327977
26536,0.08861036165064493,0.14813235343085576,0.7632572849184993
26537,0.21427209893015692,0.4676970572299003,0.31803084383994285
26538,0.010297350673046598,0.1336208493282575,0.8560817999986959
26539,0.005152011629422587,0.04372501048047837,0.9511229778900991
26540,0.08001323435498481,0.327255887310085,0.5927308783349303
26541,0.0128573686751456,0.5823778746540087,0.40476475667084577
26542,0.0008265951663463158,0.002831716242022532,0.9963416885916312
26543,0.004001214372266649,0.01905921362485398,0.9769395720028795
26544,0.1743454040059793,0.17049007601500663,0.6551645199790139
26545,0.18259597351925544,0.529920055933143,0.28748397054760144
26546,0.0004811074720247013,0.0021542982652245244,0.9973645942627506
26547,0.000748847476475442,0.002028914034263705,0.9972222384892608
26548,0.005235324725770909,0.0674467628055592,0.9273179124686697
26549,0.18260264130994425,0.7996485635525501,0.017748795137505526
26550,0.02081958730252275,0.42693869862983763,0.5522417140676398
26551,0.007157481132699378,0.015503446977068975,0.9773390718902316
26552,0.10632343059629541,0.4555520114913871,0.4381245579123175
26553,0.003669237598623281,0.012856627002688614,0.983474135398688
26554,0.003945283246417285,0.09450414892777406,0.9015505678258086
26555,0.17890088575819918,0.45882679343661686,0.362272320805184
26556,0.1392594117193782,0.6669403762766601,0.1938002120039616
26557,0.0012120520128946412,0.0019652001201148914,0.9968227478669907
26558,0.9504614108836844,0.02787916417535244,0.02165942494096324
26559,0.3250872910625783,0.4030873866051592,0.27182532233226253
26560,0.15378837837597092,0.1670546647809097,0.6791569568431195
26561,0.2539108963769101,0.5826984020446954,0.1633907015783946
26562,0.0004082015040090808,0.0009692202288484827,0.9986225782671424
26563,0.000707556011678812,0.0028767599337327283,0.9964156840545885
26564,0.1280375687171295,0.5916619591320751,0.2803004721507953
26565,0.10226683665967154,0.15642483423075745,0.741308329109571
26566,0.03274603038891914,0.2916618713062074,0.6755920983048733
26567,0.09897274587187888,0.14891925956803095,0.7521079945600901
26568,0.2008938590866372,0.7735040183344184,0.025602122578944415
26569,0.0009966931777874233,0.00096488211864914,0.9980384247035635
26570,0.16865046061122424,0.3237104426301082,0.5076390967586677
26571,0.18211859782592602,0.11110113017507932,0.7067802719989946
26572,0.007120692797249434,0.16345896323960352,0.829420343963147
26573,0.1193672137632115,0.11897463551581286,0.7616581507209755
26574,0.10763872315921834,0.16566193240341565,0.726699344437366
26575,0.08005970426763814,0.09123213978889828,0.8287081559434635
26576,0.08594899978285092,0.11731630406153215,0.7967346961556169
26577,0.07536679784352145,0.11680752473866081,0.8078256774178179
26578,0.2237979064075828,0.5566865058421264,0.21951558775029084
26579,0.2560138887723357,0.7259467621077645,0.018039349119899614
26580,0.09783611316238502,0.11524721823620906,0.7869166686014059
26581,0.10388440428857568,0.2121553590314424,0.6839602366799818
26582,0.010728513916962609,0.40005054403603985,0.5892209420469976
26583,0.00048416503315855684,0.0007980898438134694,0.998717745123028
26584,0.12259277148054873,0.15617797482135595,0.7212292536980953
26585,0.2309096886877203,0.45877001584110905,0.3103202954711706
26586,0.433131342113502,0.20646531652617925,0.3604033413603187
26587,0.3309908931237537,0.5247034962390844,0.14430561063716185
26588,0.023928991595598192,0.5293759547193131,0.4466950536850886
26589,0.36360539780635037,0.4830990379608081,0.15329556423284155
26590,0.08708312516196695,0.3921676130820786,0.5207492617559544
26591,0.08797978877434384,0.9009196633726138,0.011100547853042386
26592,0.38686396189480615,0.36850885167789393,0.24462718642729991
26593,0.051157639702907154,0.21040174164685096,0.7384406186502419
26594,0.0010095379246470653,0.002168133349879646,0.996822328725473
26595,0.0018912458981888227,0.002782848077813351,0.995325906023998
26596,0.08922537327968907,0.2484102937876095,0.6623643329327015
26597,0.7375160222444276,0.22838390066819825,0.03410007708737425
26598,0.008084534219097677,0.01545842630147303,0.9764570394794292
26599,0.033707411035829346,0.5062711876004645,0.4600214013637062
26600,0.0007124803495481026,0.00230046997412829,0.9969870496763237
26601,0.043994200551437775,0.07506557230298667,0.8809402271455754
26602,0.004777768984538933,0.05494350245601717,0.9402787285594438
26603,0.05115759322940579,0.1422270218445975,0.8066153849259967
26604,0.0004889944666292234,0.0008734125794313249,0.9986375929539394
26605,0.0008923385572173079,0.00284672789778105,0.9962609335450017
26606,0.5220422618947479,0.24107241149433337,0.23688532661091877
26607,0.10661716957724995,0.8324608616051741,0.06092196881757604
26608,0.17843854501650583,0.2533837656032244,0.5681776893802697
26609,0.42144930267671954,0.15910790922341136,0.4194427880998691
26610,0.19545030576359584,0.7682554187728285,0.03629427546357561
26611,0.10591900721014273,0.1662774015944713,0.727803591195386
26612,0.10774961009628284,0.3093693019389091,0.5828810879648082
26613,0.011227734107121088,0.18393447737104088,0.8048377885218381
26614,0.2381205191137857,0.516410390526506,0.2454690903597084
26615,0.08854357206643118,0.13145408948006868,0.7800023384535002
26616,0.0006630915865187501,0.0021301433292970073,0.9972067650841842
26617,0.12835229588637648,0.25590391078709296,0.6157437933265306
26618,0.0005266336256314979,0.0015113536814473569,0.9979620126929211
26619,0.10488973681766267,0.5453795470564645,0.3497307161258728
26620,0.05620720663288061,0.9329512729043948,0.010841520462724586
26621,0.0005224647486558296,0.0005988804615676301,0.9988786547897766
26622,0.464267401473432,0.3443839453574639,0.19134865316910413
26623,0.0694269087345237,0.3864382169225356,0.5441348743429406
26624,0.0649064806598301,0.09568273988241548,0.8394107794577543
26625,0.8234809359087423,0.12219632430028596,0.054322739790971596
26626,0.6758357021427649,0.22874760805631372,0.09541668980092131
26627,0.001261067157890981,0.0011647317574742734,0.9975742010846348
26628,0.0004087394045969601,0.0008316206013699735,0.9987596399940332
26629,0.0005771367088478212,0.000767519361997441,0.9986553439291548
26630,0.002935106252167508,0.0074208112853137815,0.9896440824625186
26631,0.17045369370195654,0.5687788956251036,0.2607674106729397
26632,0.9474186246073216,0.021822535470607755,0.030758839922070735
26633,0.1904388229983452,0.1238835685001021,0.6856776085015527
26634,0.0010460158564343943,0.0022913943533475244,0.9966625897902182
26635,0.010683381132545001,0.18827059889964087,0.8010460199678142
26636,0.09630675689734977,0.2151626896822875,0.6885305534203627
26637,0.009547229115227044,0.1458932000252881,0.844559570859485
26638,0.08235116955534347,0.5344286697273708,0.38322016071728593
26639,0.3574680041073374,0.2474211337654825,0.39511086212718016
26640,0.05015177648590239,0.21516508762279254,0.7346831358913051
26641,0.2569488589868669,0.5636873716939543,0.1793637693191788
26642,0.012297114144751937,0.09770619946973194,0.8899966863855159
26643,0.021874772394796748,0.15374067542884284,0.8243845521763605
26644,0.07780369382753385,0.1142742639352132,0.807922042237253
26645,0.003853139086033992,0.07579903143404738,0.9203478294799187
26646,0.7123178556282008,0.10397326311813437,0.18370888125366489
26647,0.11680470580749044,0.4344363110348355,0.44875898315767404
26648,0.10428065354297913,0.647638405665236,0.24808094079178478
26649,0.08453919395336093,0.271928554694889,0.6435322513517501
26650,0.07165053704833836,0.8768721001310068,0.05147736282065497
26651,0.026540696921498748,0.9327075101962254,0.04075179288227583
26652,0.09170032318181372,0.1589660144571733,0.749333662361013
26653,0.14721360215681487,0.44318227905536967,0.40960411878781555
26654,0.03019959573740717,0.48357219374996,0.4862282105126329
26655,0.059194793176040886,0.6451897926715121,0.29561541415244685
26656,0.0009799015130814975,0.0031160554946832496,0.9959040429922353
26657,0.13137429886479585,0.1125868511553324,0.7560388499798718
26658,0.06388105081416025,0.16928989296400407,0.7668290562218356
26659,0.15144548191803034,0.2645690202992733,0.5839854977826964
26660,0.017137896407873048,0.31311231974776016,0.6697497838443669
26661,0.1765651433017011,0.5223108842436262,0.3011239724546728
26662,0.23613794466503477,0.48990945807273156,0.27395259726223353
26663,0.006312546889902551,0.14344525199451322,0.8502422011155841
26664,0.21225286696588289,0.24946145111284151,0.5382856819212757
26665,0.14291728951879654,0.15573109905668853,0.701351611424515
26666,0.02627738648746648,0.05820055292044958,0.9155220605920839
26667,0.024239089867795098,0.15227483171874284,0.8234860784134621
26668,0.22546924234332044,0.25291832053867236,0.5216124371180072
26669,0.14357259686218898,0.7148264880741638,0.14160091506364716
26670,0.32741866531125324,0.2537291475385951,0.4188521871501517
26671,0.10117898245015196,0.16568570039752267,0.7331353171523254
26672,0.0004494008446591422,0.0011119846873217083,0.9984386144680192
26673,0.16262699905159034,0.16050891524723626,0.6768640857011734
26674,0.9850185282514949,0.0019543042538810182,0.013027167494624185
26675,0.051830295122420364,0.2879009499234635,0.6602687549541161
26676,0.000855390381131509,0.003166641479026123,0.9959779681398423
26677,0.0004467377458599891,0.0017057970477850678,0.9978474652063548
26678,0.025879584541976825,0.2187225446595047,0.7553978707985185
26679,0.12960773640388115,0.1101361201858817,0.7602561434102372
26680,0.047584321458572734,0.2670284212406183,0.6853872573008088
26681,0.052820679102893175,0.2780621814243654,0.6691171394727415
26682,0.0008093809178624274,0.002265448838480612,0.9969251702436571
26683,0.04415590613105705,0.20072198083090126,0.7551221130380417
26684,0.08048697132071161,0.19765269523850154,0.7218603334407868
26685,0.19368249641909813,0.5183798131140791,0.2879376904668228
26686,0.0008165256491585564,0.0014406129578727312,0.9977428613929687
26687,0.11040580852653006,0.14443769358142367,0.7451564978920462
26688,0.1740858827559251,0.45812281085269985,0.36779130639137503
26689,0.10382959350131175,0.18034279544638165,0.7158276110523067
26690,0.0004710411384585684,0.000927114734833601,0.9986018441267079
26691,0.3893179414157707,0.46424927806992694,0.14643278051430225
26692,0.04273658090688145,0.33555232967765736,0.6217110894154612
26693,0.24247877689495279,0.5891771720722365,0.1683440510328105
26694,0.20464812917958092,0.7851293136192655,0.010222557201153587
26695,0.13220048807120605,0.16715507098185073,0.7006444409469432
26696,0.0018318547699517494,0.003235532624021624,0.9949326126060267
26697,0.0007619848586297095,0.0018579573085493275,0.9973800578328209
26698,0.09571039026468171,0.18625411865235492,0.7180354910829635
26699,0.02184535811900443,0.13605606929732797,0.8420985725836676
26700,0.053038184121038154,0.1584703607869219,0.7884914550920399
26701,0.17821202128681085,0.3754282007850401,0.4463597779281492
26702,0.00677786660256615,0.32162788212624255,0.6715942512711913
26703,0.04254807787593392,0.14855125781375372,0.8089006643103123
26704,0.0006389837459500572,0.0013475586884853933,0.9980134575655646
26705,0.09639096855906433,0.4496418147900159,0.45396721665091977
26706,0.0011088398096607596,0.0029034395815304807,0.9959877206088088
26707,0.14441321793456366,0.27390851447444914,0.5816782675909874
26708,0.0006445377490348533,0.002376751656167824,0.9969787105947974
26709,0.0006494507318558912,0.0010713199996446304,0.9982792292684994
26710,0.0009442772588557332,0.004404652722260009,0.9946510700188844
26711,0.19615917352753842,0.5244669163043827,0.2793739101680789
26712,0.11862412462436116,0.7288245306828134,0.15255134469282544
26713,0.027232950845123192,0.1602977143898341,0.8124693347650427
26714,0.06621761488933171,0.2520405217481888,0.6817418633624795
26715,0.019988168801918442,0.0871767531778618,0.8928350780202198
26716,0.3836247053041971,0.36539260342040203,0.25098269127540085
26717,0.012881541066375901,0.1493154698885994,0.8378029890450247
26718,0.1132246135435985,0.20009583024242378,0.6866795562139776
26719,0.07425545526472828,0.33364722580869155,0.5920973189265802
26720,0.015725180433428597,0.06026616149232091,0.9240086580742503
26721,0.11819355530906601,0.6865106028296414,0.19529584186129273
26722,0.11204313129366206,0.1450880888311497,0.7428687798751882
26723,0.10883850218289486,0.14953166734105552,0.7416298304760497
26724,0.1032124252322911,0.10617443656842289,0.790613138199286
26725,0.056989440952948264,0.3115298383073988,0.6314807207396529
26726,0.12443552990604675,0.3934812810717153,0.48208318902223796
26727,0.000593236962690523,0.002076076993079411,0.9973306860442301
26728,0.14583356065861228,0.11523460015283268,0.738931839188555
26729,0.11173741150876908,0.307586085776169,0.5806765027150619
26730,0.6225975924290074,0.27920180410116874,0.09820060346982389
26731,0.0006420156210796047,0.0021297024638933827,0.9972282819150269
26732,0.18126990921847524,0.8040961056697651,0.014633985111759788
26733,0.004233184574317235,0.011664214261966743,0.984102601163716
26734,0.06398314508600864,0.17642591953594836,0.759590935378043
26735,0.24440257655972472,0.3794533431650874,0.3761440802751879
26736,0.07966091277497514,0.27376015517938856,0.6465789320456362
26737,0.29235522507694756,0.5554759453247486,0.1521688295983038
26738,0.0004926114587318895,0.0008494374208083699,0.9986579511204596
26739,0.008242832901649327,0.046141569171635255,0.9456155979267156
26740,0.0005116357229358895,0.0017625544599679448,0.9977258098170962
26741,0.009932415654491428,0.969403497087119,0.02066408725838954
26742,0.022264009664499446,0.06228540949049484,0.9154505808450057
26743,0.022304127787280324,0.1953464976522788,0.782349374560441
26744,0.07233461196990261,0.29812848530688835,0.6295369027232091
26745,0.0007100513429535823,0.0013918628560079156,0.9978980858010384
26746,0.11886750724185875,0.13904522002607667,0.7420872727320647
26747,0.019718471530477427,0.28848356666582936,0.6917979618036932
26748,0.2881424070002766,0.3128941808102076,0.3989634121895158
26749,0.010280661320345105,0.18054962363396795,0.8091697150456868
26750,0.012166573560812943,0.13420631141541484,0.8536271150237724
26751,0.058033973564470355,0.18401026850878993,0.7579557579267396
26752,0.08932845702036903,0.19818554118996798,0.712486001789663
26753,0.09811907079682783,0.09923453223545145,0.8026463969677208
26754,0.07057397390843002,0.2909398079476007,0.6384862181439693
26755,0.006679245913967155,0.09189736456557146,0.9014233895204615
26756,0.14140824868166146,0.19644287841159114,0.6621488729067475
26757,0.6460613004404487,0.1698153200737627,0.18412337948578844
26758,0.20900184891104354,0.30468733699183886,0.4863108140971176
26759,0.07883658211426887,0.14301724197789645,0.7781461759078346
26760,0.08936890060890021,0.23694007348147292,0.6736910259096267
26761,0.014048092782298436,0.47963884059599315,0.5063130666217084
26762,0.0004853398436603976,0.0018746758315578676,0.9976399843247818
26763,0.0008111435994893173,0.002158381778069403,0.9970304746224412
26764,0.19387921717788753,0.4612465498950972,0.34487423292701525
26765,0.1765576478059524,0.35155131346811525,0.47189103872593235
26766,0.18137253051612484,0.3918138160606462,0.42681365342322897
26767,0.07814094696496876,0.40095512242105524,0.5209039306139761
26768,0.1234656483659244,0.8512422168529377,0.025292134781138238
26769,0.061938151151441155,0.1673301284734714,0.7707317203750874
26770,0.013837797386022338,0.07013360047789312,0.9160286021360846
26771,0.10054424655749335,0.8814608926503252,0.017994860792181388
26772,0.536357408527455,0.19103225252001504,0.27261033895253
26773,0.08370609147322453,0.11538999652876465,0.8009039119980109
26774,0.0664452633258578,0.14226800093957698,0.7912867357345653
26775,0.03311434236293596,0.21145500445201817,0.7554306531850458
26776,0.0007046375849834388,0.0024755640255233347,0.9968197983894932
26777,0.0009426137739477911,0.002472704889593887,0.9965846813364582
26778,0.00048357291153909056,0.0023998882747413054,0.9971165388137198
26779,0.015100578933168402,0.1811734996216299,0.8037259214452017
26780,0.0008975257028088487,0.0026999916919575066,0.996402482605234
26781,0.05046459633610041,0.2958463244476862,0.6536890792162133
26782,0.0027404409065299147,0.011490094083778032,0.9857694650096921
26783,0.26371381759637424,0.32904631567101134,0.4072398667326144
26784,0.052019305421380856,0.18429101307243984,0.7636896815061792
26785,0.014536247661261057,0.7044568336651468,0.2810069186735922
26786,0.4767857061093417,0.1339011556719359,0.3893131382187223
26787,0.0007330018456387563,0.0011100623039992708,0.9981569358503618
26788,0.15554415671313224,0.4323225403189121,0.41213330296795564
26789,0.031004920829996348,0.35294142451180716,0.6160536546581964
26790,0.09719689697003232,0.2665441898327087,0.636258913197259
26791,0.15308327264019123,0.23794595990571868,0.6089707674540901
26792,0.0014919069857214377,0.001260275658312018,0.9972478173559665
26793,0.06571840341726512,0.4844513098640708,0.44983028671866404
26794,0.2184186652001503,0.4851524670729548,0.2964288677268949
26795,0.05030019337433752,0.6196327296841345,0.3300670769415281
26796,0.2025796231292417,0.7907638070199886,0.0066565698507697005
26797,0.0735227877913694,0.3171338558542941,0.6093433563543365
26798,0.939230323859853,0.028678730222774305,0.03209094591737277
26799,0.07856389482209121,0.19294172472300006,0.7284943804549088
26800,0.0558691301855929,0.9307177355517877,0.013413134262619402
26801,0.08298830585413378,0.40084477200767205,0.5161669221381942
26802,0.0993925145296801,0.1880476808961765,0.7125598045741435
26803,0.026373593620792557,0.11783964117719628,0.855786765202011
26804,0.04315886681877675,0.3551319179742355,0.6017092152069878
26805,0.0026027406689634438,0.011534215202246362,0.9858630441287902
26806,0.05336062166562151,0.24650532907268613,0.7001340492616923
26807,0.0003638467660052474,0.0008062526666768328,0.9988299005673179
26808,0.02068230149187031,0.10942835040664342,0.8698893481014863
26809,0.034953082322835075,0.6266433430917284,0.33840357458543646
26810,0.06509693404932518,0.3510545742162991,0.5838484917343758
26811,0.0342922162214199,0.11783721128909723,0.8478705724894828
26812,0.0007411946106248848,0.002718289239789023,0.996540516149586
26813,0.01557917853782464,0.6977048787918138,0.2867159426703616
26814,0.22347721341998042,0.1427124370755628,0.6338103495044567
26815,0.10042836921926239,0.09814247366461121,0.8014291571161264
26816,0.06850828015057753,0.35607225473605564,0.5754194651133668
26817,0.0007048072938999907,0.0006921694596663078,0.9986030232464336
26818,0.25541112885579775,0.2865167313012143,0.45807213984298806
26819,0.06933291282452803,0.3464147053410569,0.5842523818344152
26820,0.018169459580695994,0.17441639117777966,0.8074141492415243
26821,0.205589470637763,0.7777458619509112,0.016664667411325804
26822,0.01769758972951549,0.08587170902464938,0.896430701245835
26823,0.0036163895474269096,0.04720365607358079,0.9491799543789924
26824,0.06660000032378458,0.1623455608934383,0.7710544387827771
26825,0.0016337550141387468,0.001560339353627907,0.9968059056322331
26826,0.6163398097035631,0.13333420683409805,0.250325983462339
26827,0.0006644257146977963,0.001258084710977649,0.9980774895743247
26828,0.08910415381965295,0.14064059511437765,0.7702552510659694
26829,0.07173704709877893,0.08851407616980718,0.8397488767314141
26830,0.000588336372614214,0.000907322995390601,0.9985043406319951
26831,0.013138044882556193,0.13482905712030596,0.8520328979971378
26832,0.0004728215450666135,0.001106962280229512,0.9984202161747037
26833,0.02809430923682312,0.5979705690034992,0.3739351217596777
26834,0.1433418580578038,0.3037709535980531,0.5528871883441432
26835,0.6416226967861025,0.21662978802384222,0.14174751519005532
26836,0.03485601137902939,0.8146846963354204,0.15045929228555038
26837,0.12464038363771852,0.2263700051472568,0.6489896112150246
26838,0.1630326805251069,0.490085084993506,0.346882234481387
26839,0.8033573020226401,0.09661637225752859,0.10002632571983147
26840,0.0852697608388446,0.5952208457740109,0.3195093933871443
26841,0.0009644698799391305,0.0021885781159246653,0.9968469520041362
26842,0.031562371334518585,0.1959819925710568,0.7724556360944247
26843,0.07296009497135013,0.10557806878702558,0.8214618362416243
26844,0.08375336261950021,0.489850423387702,0.4263962139927977
26845,0.5864857168446338,0.15082405541226745,0.26269022774309864
26846,0.003756743384873469,0.06449319125168455,0.9317500653634421
26847,0.028664380602573498,0.1641649238209542,0.8071706955764724
26848,0.22471017130482446,0.1827578806860671,0.5925319480091085
26849,0.24254162521909675,0.32144357606484825,0.43601479871605503
26850,0.06934049226438313,0.17922638151227838,0.7514331262233386
26851,0.11091210131623389,0.11004293645873361,0.7790449622250326
26852,0.07589778469271885,0.8173016048495615,0.10680061045771978
26853,0.0004657623549606044,0.0008784056286421534,0.9986558320163972
26854,0.04404926700419583,0.9499834853059268,0.005967247689877525
26855,0.009051839240991021,0.17986174238410454,0.8110864183749044
26856,0.034432087282561676,0.15471393704301006,0.8108539756744282
26857,0.009456641859360087,0.05517522060577236,0.9353681375348675
26858,0.09425077950967385,0.7388069727380898,0.16694224775223626
26859,0.14612095706025155,0.5126953092699051,0.3411837336698433
26860,0.05075543973565085,0.8416465407585403,0.10759801950580901
26861,0.17760673308871272,0.30751795498098344,0.5148753119303038
26862,0.07437497527930671,0.12048091357131803,0.8051441111493753
26863,0.00697113408422628,0.1660663814668602,0.8269624844489133
26864,0.1282217444804586,0.31518113871858444,0.5565971168009569
26865,0.02944180857307105,0.2532259207974019,0.7173322706295272
26866,0.11854360049487458,0.50144361271712,0.3800127867880052
26867,0.08388727212693137,0.13968540775569044,0.7764273201173781
26868,0.06448373611389613,0.14613038430622174,0.7893858795798822
26869,0.0026042803332977883,0.002683351523083975,0.9947123681436182
26870,0.11173624337435635,0.4533870161175792,0.4348767405080645
26871,0.1677737319030817,0.5436736808944638,0.28855258720245447
26872,0.3454069010650157,0.3225752022575114,0.33201789667747283
26873,0.3997862825152086,0.22771198539633106,0.3725017320884604
26874,0.019927005971512212,0.1444305303330713,0.8356424636954165
26875,0.038193766775451735,0.07134104223402764,0.8904651909905205
26876,0.003448549767903102,0.009016534216459777,0.987534916015637
26877,0.0008156317163853005,0.002772449573618856,0.9964119187099959
26878,0.1299179768028907,0.15556688655223153,0.7145151366448778
26879,0.14068985696368522,0.1862633759598739,0.673046767076441
26880,0.006854412687396168,0.05064322485491085,0.942502362457693
26881,0.0007594184910672713,0.0020534880959329005,0.9971870934129999
26882,0.892969140307682,0.06282112639404289,0.044209733298275135
26883,0.06794691992998808,0.14334276787723738,0.7887103121927744
26884,0.09575592455232193,0.4779227831028477,0.4263212923448304
26885,0.009475013026501854,0.09073363528231732,0.8997913516911809
26886,0.00045458199866005674,0.0007782691629147063,0.9987671488384251
26887,0.0010916324144738582,0.0025209718889962407,0.9963873956965299
26888,0.07983627114371172,0.11431139773176938,0.8058523311245189
26889,0.0007832062906801609,0.0014042580888348887,0.9978125356204849
26890,0.038560494778180056,0.3156359829356311,0.645803522286189
26891,0.11512480262206777,0.3757006866664996,0.5091745107114327
26892,0.07233401761405378,0.12036655156524612,0.8072994308207001
26893,0.002839347508007157,0.0062010333339027725,0.9909596191580899
26894,0.00426990330239832,0.07857840977136783,0.9171516869262337
26895,0.023051412582136516,0.11232131323345869,0.8646272741844049
26896,0.0915664593567081,0.15732318328293296,0.7511103573603589
26897,0.01330858120937237,0.2307257347893334,0.7559656840012943
26898,0.0004029026592902907,0.0009963028119050906,0.9986007945288046
26899,0.07670969235620542,0.17842913105140354,0.744861176592391
26900,0.36941216817437084,0.4296168958963021,0.20097093592932724
26901,0.06337322545022848,0.6450592021300215,0.29156757241974995
26902,0.0004929320555681507,0.0005898314513739211,0.998917236493058
26903,0.028845400661855126,0.19796461656852657,0.7731899827696183
26904,0.5966216875379066,0.37378038743457676,0.029597925027516576
26905,0.05351530421424132,0.2398674392108086,0.70661725657495
26906,0.0009607431167566677,0.005213095879403009,0.9938261610038402
26907,0.00034060095724673797,0.0006377200631800974,0.9990216789795733
26908,0.07651993046359037,0.6208163680620256,0.30266370147438393
26909,0.05064197460662849,0.7907139463020447,0.15864407909132688
26910,0.09148081619033806,0.2112140680977123,0.6973051157119496
26911,0.001054360441494338,0.001848577817407679,0.997097061741098
26912,0.0005837856744140056,0.0008950061015736718,0.9985212082240122
26913,0.49555352172618833,0.2966870996512784,0.20775937862253335
26914,0.007685995931897607,0.14737771174896558,0.8449362923191368
26915,0.07870589212635974,0.12525854281285864,0.7960355650607817
26916,0.20908548483813366,0.7800882245700105,0.01082629059185574
26917,0.06543995685620323,0.4219159098419949,0.5126441333018018
26918,0.10578575311298224,0.20275526770071464,0.6914589791863032
26919,0.4176708216328356,0.28502249621094833,0.29730668215621614
26920,0.023367893643885175,0.2714362184419775,0.7051958879141373
26921,0.11634429929776262,0.19779060008276522,0.6858651006194723
26922,0.02699141988208397,0.8193327290596925,0.15367585105822362
26923,0.0004974180528947005,0.001498843538321419,0.998003738408784
26924,0.008372122628133095,0.06344363432171173,0.9281842430501552
26925,0.0008559881467193259,0.0016328434153782805,0.9975111684379024
26926,0.07661994868050508,0.3292570966615315,0.5941229546579634
26927,0.07902767430402258,0.38086832116081853,0.5401040045351588
26928,0.28200338958857596,0.7036956697713708,0.014300940640053295
26929,0.0004782795541929515,0.0016333248763356599,0.9978883955694713
26930,0.05123814747296882,0.0825308525873506,0.8662309999396806
26931,0.10408427036179332,0.884452410783466,0.011463318854740747
26932,0.11250576229576761,0.2695323667318173,0.6179618709724151
26933,0.0012231635213878422,0.0006707891620566312,0.9981060473165556
26934,0.10082930202417188,0.10595584167166334,0.7932148563041649
26935,0.0021053701789823,0.003366413876768653,0.9945282159442492
26936,0.08601784035360774,0.14399183043815425,0.7699903292082381
26937,0.15440434176382073,0.14157329501176916,0.70402236322441
26938,0.022965721404772245,0.9610172600443532,0.01601701855087451
26939,0.20064861613010923,0.7792423368587065,0.02010904701118415
26940,0.09544880363455745,0.08733384156865706,0.8172173547967855
26941,0.06495709561936035,0.24686106591494344,0.6881818384656962
26942,0.06879144200991368,0.1402605303902796,0.7909480275998068
26943,0.06049161684726737,0.14973759666420972,0.7897707864885228
26944,0.048463435642577025,0.13183645458878862,0.8197001097686343
26945,0.06305304082782488,0.3557797446394992,0.5811672145326761
26946,0.0007372003556723038,0.002534532656235339,0.9967282669880924
26947,0.07607721268301189,0.21250600446254406,0.711416782854444
26948,0.0881737423146743,0.34312678027312626,0.5686994774121994
26949,0.08653414852697465,0.23315330695314254,0.6803125445198829
26950,0.1404175226341901,0.17088046472571192,0.6887020126400982
26951,0.22636856997904636,0.2082959903977774,0.5653354396231762
26952,0.0988771189881939,0.17262079293130997,0.7285020880804962
26953,0.24591037146131695,0.21998829288574714,0.5341013356529359
26954,0.008160059902321715,0.10362952667313396,0.8882104134245445
26955,0.15146207890093022,0.4747501747524551,0.3737877463466146
26956,0.24505927599283264,0.20818969117513464,0.5467510328320326
26957,0.05919112450444776,0.23226829961703915,0.7085405758785132
26958,0.17964813858158207,0.6255496949293172,0.1948021664891007
26959,0.010556336326181023,0.20271155011309486,0.7867321135607241
26960,0.4153930616292917,0.24737806594934048,0.33722887242136773
26961,0.009824474915839194,0.11203490580586317,0.8781406192782978
26962,0.11725036844081693,0.41285977468693824,0.4698898568722448
26963,0.2523725710335004,0.5061764375124288,0.24145099145407073
26964,0.10752353347026027,0.07605579486752154,0.8164206716622182
26965,0.15134745398373664,0.5466815447328832,0.30197100128337995
26966,0.0915664593567081,0.15732318328293296,0.7511103573603589
26967,0.0006782789157900964,0.0020540213918138015,0.997267699692396
26968,0.15161654272846753,0.11934807032239407,0.7290353869491384
26969,0.1763086218050973,0.5197023819265226,0.3039889962683801
26970,0.0005521583185430371,0.001163599806392393,0.9982842418750645
26971,0.06533644222507617,0.20758918459099762,0.7270743731839261
26972,0.2110505475406265,0.2267344475867922,0.5622150048725814
26973,0.07122607620073593,0.14483500765826116,0.783938916141003
26974,0.0021354712143710776,0.007180065470439152,0.9906844633151897
26975,0.1321360347272062,0.07046624066542141,0.7973977246073725
26976,0.10293859518051356,0.8856431457434493,0.01141825907603712
26977,0.12152817463513725,0.16754820668943574,0.7109236186754271
26978,0.004136511536499946,0.0431394502595267,0.9527240382039734
26979,0.07126342247419602,0.1700455724295455,0.7586910050962585
26980,0.06683090962773763,0.17460828407725118,0.7585608062950112
26981,0.04745042852870471,0.17540858903627496,0.7771409824350203
26982,0.07542485094047345,0.13539698383834597,0.7891781652211806
26983,0.08321860157132019,0.27888401309317495,0.6378973853355048
26984,0.041824265283198686,0.36840758333193774,0.5897681513848636
26985,0.021317684687279057,0.270327086551181,0.70835522876154
26986,0.034388992540969596,0.21951825359689012,0.7460927538621402
26987,0.14656825301114615,0.6456122869893307,0.20781945999952303
26988,0.09540779511574275,0.14373248278349854,0.7608597221007587
26989,0.15859453997253642,0.5637437662051239,0.2776616938223397
26990,0.0022829806922777134,0.002519617985090237,0.9951974013226319
26991,0.0009328360492340326,0.0013157673913633838,0.9977513965594026
26992,0.0415794544973644,0.33992255046269615,0.6184979950399394
26993,0.0021550193866690264,0.0034784119560059773,0.9943665686573249
26994,0.08682580438649878,0.15831494069730714,0.7548592549161941
26995,0.009624103916676365,0.23044873269709573,0.7599271633862279
26996,0.0005876374873824293,0.0015487101366422327,0.9978636523759752
26997,0.2847119383942938,0.4281134428826772,0.28717461872302896
26998,0.6145257005431961,0.25337391563381445,0.1321003838229894
26999,0.7924793333008588,0.09115637272960397,0.11636429396953722
27000,0.05487633665188498,0.2650229820811678,0.6801006812669472
27001,0.019884236237587203,0.22092178854695987,0.7591939752154528
27002,0.019300418071965694,0.28399501826736273,0.6967045636606716
27003,0.0013932778828908653,0.004949670334402944,0.9936570517827061
27004,0.3452122299204505,0.41855812278151816,0.23622964729803136
27005,0.006059445801344204,0.2466560655875604,0.7472844886110954
27006,0.0007881697180197123,0.0014407402708599573,0.9977710900111203
27007,0.029431117564871146,0.41247321434279316,0.5580956680923357
27008,0.005260956025012795,0.06886328843077649,0.9258757555442108
27009,0.014582253535737385,0.19392576345046597,0.7914919830137966
27010,0.0005091280214081311,0.0024006773138161,0.9970901946647757
27011,0.33828989110068947,0.5363852966557323,0.12532481224357822
27012,0.0010115544345196945,0.0035102541636168223,0.9954781914018636
27013,0.14393969522578504,0.2511806775285309,0.6048796272456839
27014,0.15130839682070685,0.16749798985505565,0.6811936133242376
27015,0.3252522277000306,0.2879866735390808,0.3867610987608886
27016,0.0012907423587883624,0.003393582464355633,0.995315675176856
27017,0.0005445811297390794,0.0015810247652437986,0.9978743941050172
27018,0.11971288928244658,0.3423451386555575,0.537941972061996
27019,0.09128931244852716,0.1672418092491356,0.7414688783023374
27020,0.043348320164033186,0.10254479375690202,0.8541068860790648
27021,0.07940254973048173,0.12384729857967194,0.7967501516898464
27022,0.021357419024029253,0.13061878692578494,0.8480237940501858
27023,0.19881652626752935,0.29788202395212043,0.5033014497803502
27024,0.038922361123218605,0.2158625580989883,0.745215080777793
27025,0.614978615983715,0.2764347408113638,0.10858664320492117
27026,0.00043723458413034554,0.0012659780298854538,0.9982967873859842
27027,0.09198487335728202,0.5224273333420457,0.3855877933006723
27028,0.9297829465146517,0.028711963666446055,0.041505089818902226
27029,0.09402127217594868,0.5214950405295332,0.3844836872945181
27030,0.14825917605186728,0.4531367834354628,0.39860404051266995
27031,0.6261987842679707,0.11745300643938457,0.2563482092926447
27032,0.35788941666572577,0.294554743932292,0.34755583940198226
27033,0.11977535649298207,0.17531168190849317,0.7049129615985248
27034,0.04376276768265108,0.14743281187021906,0.8088044204471299
27035,0.6254250611180832,0.23160204134623133,0.14297289753568543
27036,0.06174145011195921,0.20827213256729832,0.7299864173207425
27037,0.42661327478286665,0.28029976693613584,0.2930869582809975
27038,0.036769477760483095,0.0970194707300452,0.8662110515094718
27039,0.1241391285276708,0.20065013132690224,0.6752107401454269
27040,0.0007164373944107572,0.0008189647373331402,0.9984645978682561
27041,0.0009762477433657796,0.0010661419960646466,0.9979576102605696
27042,0.24240539435769742,0.7407921137508456,0.016802491891456973
27043,0.0009884497923392664,0.0026018940022875534,0.9964096562053731
27044,0.0008895189175504647,0.003551886044974172,0.9955585950374752
27045,0.07580118768880485,0.21471596304306786,0.7094828492681272
27046,0.16561666155353133,0.6255482238960959,0.2088351145503728
27047,0.3676909338094501,0.39772630918382385,0.23458275700672598
27048,0.5659106760722727,0.4175439306051082,0.01654539332261902
27049,0.1415446885974258,0.483592802286455,0.3748625091161193
27050,0.01765939052158292,0.08951220712901047,0.8928284023494066
27051,0.11109715438665405,0.2726841757634825,0.6162186698498635
27052,0.0005096368282926113,0.0006329545391039944,0.9988574086326034
27053,0.014611730664940514,0.2841034306672398,0.7012848386678197
27054,0.3185681015070588,0.38166921297546363,0.29976268551747765
27055,0.18964653554591546,0.7989261241448276,0.011427340309256996
27056,0.24010446415465453,0.7426913240445552,0.017204211800790133
27057,0.0004704384117695657,0.0012405608685359649,0.9982890007196945
27058,0.4295631661852354,0.32531449416895164,0.24512233964581293
27059,0.0012238229611898142,0.00428013490668992,0.9944960421321204
27060,0.08278430525289777,0.2465421439579308,0.6706735507891713
27061,0.059212999627999106,0.16927720260534174,0.7715097977666592
27062,0.10588563681876628,0.3215133613162059,0.5726010018650277
27063,0.0004364382955017649,0.000739779244062197,0.998823782460436
27064,0.0006989465356198477,0.0007518219791637626,0.9985492314852162
27065,0.06517778517603794,0.16623791005973326,0.7685843047642288
27066,0.0005669462493414,0.0006234270452328083,0.9988096267054258
27067,0.005291975781437596,0.08617458484982873,0.9085334393687334
